$ 1 0.000015625 10.20027730826997 50 5 43 5e-11
R 192 160 144 160 0 1 40 2.5 2.5 0 0.5
a 256 176 368 176 9 15 -15 1000000 3.069498069451832 1.074720968583016 100000
w 192 160 256 160 0
a 256 288 368 288 9 15 -15 1000000 2.4131274130829112 1.074720968583016 100000
a 256 432 368 432 9 5 0 1000000 1.0747195332808028 1.074720968583016 100000
a 256 528 368 528 9 15 -15 1000000 1.074710221480801 1.074720968583016 100000
w 192 160 192 272 0
w 192 272 256 272 0
w 192 272 192 416 0
w 192 416 256 416 0
w 192 416 192 512 0
w 192 512 256 512 0
162 368 176 464 176 2 default-led 1 0 0 0.01
162 368 288 464 288 2 default-led 1 1 0 0.01
162 368 432 464 432 2 default-led 1 1 1 0.01
R 256 128 256 80 0 0 40 5 0 0 0.5
r 256 128 256 192 0 200000
r 256 192 256 304 0 68000
g 256 368 256 384 0 0
r 464 176 528 176 0 270
r 464 288 528 288 0 270
g 528 176 528 192 0 0
g 528 288 528 304 0 0
r 256 304 256 368 0 250000
g 528 432 528 448 0 0
r 464 432 528 432 0 1000
w 256 448 256 480 0
w 256 480 464 480 0
w 464 480 464 432 0
w 256 544 256 576 0
w 256 576 368 576 0
w 368 576 368 528 0
w 528 528 592 528 0
r 464 528 528 528 0 1000
g 592 528 592 544 0 0
w 464 528 368 528 0
o 33 64 0 4099 5 0.025 0 2 33 3
